13.843,14.315,15.086,8.5631,10.927,1
9.7672,13.204,15.355,7.3949,8.2377,1
24.675,22.825,20.202,24.534,26.415,1
9.8604,14.583,11.429,8.6579,8.8271,1
8.844,8.7234,6.5553,7.7872,7.886,1
7.1621,8.7208,5.8315,10.773,5.048,1
24.207,16.656,12.234,20.293,21.182,1
23.55,17.057,10.677,23.047,20.051,1
23.767,27.287,28.421,20.116,18.977,1
21.073,22.448,15.037,18.031,18.65,1
15.947,28.732,29.318,14.841,11.175,1
23.211,23.57,23.054,19.851,21.632,1
16.107,23.375,21.039,15.073,15.081,1
15.581,11.092,13.483,15.473,12.403,1
10.987,15.882,16.506,11.361,8.2938,1
21.848,19.064,20.009,24.1,19.764,1
13.216,16.439,18.218,11.326,12.355,1
11.989,15.1,15.948,12.494,8.4183,1
13.478,14.09,15.186,10.069,11.613,1
11.587,15.385,14.89,12.228,8.8323,1
10.487,9.4818,8.587,9.4175,5.0429,1
25.836,26.344,26.35,24.644,21.06,1
22.794,25.395,29.112,21.336,18.029,1
27.103,25.601,18.233,25.629,25.04,1
18.626,23.881,26.823,19.25,17.995,1
6.1193,11.314,5.7035,3.5937,2.5028,1
11.914,10.61,4.6782,12.04,8.3099,1
25.008,23.714,23.15,24.938,23.451,1
12.632,14.571,16.208,11.033,11.692,1
10.538,10.448,4.2521,6.5863,7.8982,1
23.457,24.609,20.901,22.932,21.579,1
28.648,25.632,26.877,31.236,26.486,1
6.4485,9.7201,7.4638,6.2556,2.8491,1
13.359,17.48,20.456,10.619,10.848,1
10.728,13.607,5.9519,7.7129,8.4512,1
12.227,26.004,22.013,10.303,11.785,1
15.619,21.249,23.414,16.021,14.12,1
4.7264,11.406,4.5596,5.7709,2.2912,1
12.871,11.042,14.251,11.479,9.2145,1
26.448,20.412,21.875,27.194,24.861,1
3.3057,8.1016,4.4076,6.1807,-0.94978,1
19.558,25.455,20.839,18.753,14.665,1
28.374,22.945,20.499,28.323,27.231,1
28.594,24.09,15.728,31.471,24.956,1
14.697,20.121,19.262,9.849,13.238,1
6.9481,9.3758,9.2032,5.2935,5.3833,1
13.244,9.7698,6.5581,15.446,12.369,1
14.302,11.634,13.365,13.755,11.593,1
8.1865,10.451,9.4054,9.0155,6.8291,1
15.965,25.715,22.332,12.618,14.22,1
10.587,10.377,9.6633,12.799,11.502,1
23.834,28.21,26.181,24.981,22.889,1
23.989,14.917,14.995,24.978,21.094,1
27.458,24.725,18.871,25.487,24.365,1
27.344,22.235,20.526,26.821,25.463,1
5.6004,10.438,3.3805,4.5284,4.4619,1
13.851,21.768,22.096,15.689,11.366,1
2.958,11.561,11.165,-0.31766,-0.31433,1
13.294,21.407,20.088,12.147,13.41,1
10.883,9.6914,5.8612,6.5509,8.6539,1
15.128,27.317,26.508,14.705,10.399,1
13.946,12.112,13.017,14.121,8.6899,1
15.121,26.847,28.952,12.967,13.408,1
8.0963,6.9796,4.0646,6.3392,5.3799,1
6.3297,10.203,11.966,7.8334,5.6414,1
14.235,18.649,14.096,12.807,12.276,1
8.6251,13.679,8.9142,5.3823,6.7729,1
13.012,21.664,17.151,10.873,12.166,1
23.579,22.153,18.546,21.304,20.422,1
22.517,17.855,16.799,22.552,20.428,1
23.692,24.594,20.462,22.305,22.019,1
12.949,14.411,13.117,13.901,11.819,1
15.976,24.112,20.783,14.663,16.427,1
9.8073,10.898,4.8244,8.5347,8.2449,1
25.989,18.338,14.341,25.815,22.871,1
20.645,26.75,19.649,19.311,18.088,1
15.479,15.782,15.926,13.781,12.245,1
6.7519,13.363,16.31,5.4001,5.6718,1
9.2826,8.8371,7.6945,10.898,7.1706,1
21.613,28.305,22.853,20.623,16.95,1
15.045,9.9163,3.8187,9.9273,13.587,1
26.334,24.42,19.736,23.12,24.71,1
22.085,22.225,24.283,21.253,21.869,1
13.725,18.152,21.961,15.57,11.482,1
16.581,26.061,23.512,11.104,14.207,1
10.127,8.372,3.7284,7.1706,8.617,1
6.9439,12.182,12.046,2.2539,6.1138,1
6.2709,12.048,5.7936,5.219,3.3233,1
24.257,19.614,18.112,22.661,19.715,1
6.7066,7.2656,9.0722,7.4451,5.7118,1
14.805,28.748,25.906,10.115,10.422,1
11.816,12.233,13.385,11.627,9.8088,1
13.442,12.516,11.985,13.065,12.126,1
14.962,16.521,16.831,16.894,12.936,1
19.161,22.841,20.315,18.687,18.461,1
24.814,21.897,17.108,24.337,22.28,1
12.693,14.92,13.389,13.678,9.9849,1
12.124,23.837,20.893,11.227,9.603,1
19.773,22.814,24.045,17.022,16.518,1
21.145,24.54,21.501,19.994,20.456,1
16.785,23.813,19.988,15.468,14.566,1
13.095,13.8,9.466,8.0932,11.477,1
13.133,16.762,13.947,9.5919,10.983,1
12.449,14.709,17.302,12.095,13.004,1
6.264,9.2946,3.3131,4.7938,5.1542,1
22.388,23.075,21.664,18.88,20.173,1
23.68,22.59,17.574,23.264,24.008,1
17.792,27.923,24.652,17.752,15.584,1
8.9021,13.268,16.909,9.744,7.2302,1
5.5969,10.152,7.4303,4.9652,3.0106,1
8.4178,10.404,3.3974,8.8287,6.4753,1
21.317,21.148,22.207,22.729,17.78,1
9.6261,8.8342,6.2091,4.1095,9.3581,1
27.384,17.346,14.056,28.709,26.476,1
22.747,27.844,26.706,19.968,21.696,1
12.809,13.133,14.601,12.236,11.568,1
17.1,22.839,21.28,18.013,15.786,1
12.407,14.121,8.9747,9.975,10.964,1
4.3754,10.848,7.5345,4.2318,1.277,1
18.907,25.44,24.5,18.877,15.499,1
15.212,19.082,14.524,13.537,9.8732,1
22.117,20.644,17.219,20.049,20.755,1
15.481,16.547,11.567,12.114,13.036,1
11.036,7.3834,3.2569,12.247,8.1866,1
23.637,25.101,23.349,22.779,22.247,1
15.576,17.779,14.849,15.015,18.031,1
27.769,25.023,20.791,26.133,23.188,1
25.954,19.927,18.523,28.098,21.211,1
9.6758,10.894,11.343,5.5911,6.5474,1
6.9686,11.508,7.0175,3.2211,4.3646,1
19.625,27.818,27.417,21.055,15.458,1
14.394,19.532,18.835,10.503,9.4221,1
13.161,16.634,13.514,8.7111,8.8293,1
26.828,23.191,27.209,27.436,26.264,1
8.2649,12.515,6.9841,8.428,4.3949,1
23.536,16.671,15.072,22.356,20.311,1
24.12,26.766,22.811,21.706,20.064,1
20.03,27.388,26.531,17.151,19.616,1
27.247,24.677,26.249,24.794,23.546,1
13.63,14.365,11.694,12.527,10.772,1
10.3,11.341,11.267,10.377,4.8645,1
15.438,13.942,15.992,13.313,13.807,1
24.063,17.763,16.547,19.854,21.169,1
12.751,13.584,6.4775,11.804,10.497,1
9.2366,16.169,17.183,6.7669,11.035,1
14.024,16.527,16.977,13.648,10.48,1
11.49,18.037,18.4,6.0851,11.609,1
13.673,19.273,15.521,11.042,11.315,1
15.656,21.025,16.458,15.634,15.801,1
18.419,23.878,22.25,15.486,15.169,1
12.693,12.702,14.165,14.551,13.851,1
5.7672,11.007,13.108,6.2578,1.4283,1
11.826,10.062,3.3933,9.1719,11.19,1
16.119,26.077,28.311,15.342,14.943,1
17.581,25.683,27.344,16.51,14.703,1
8.6496,12.918,13.401,4.985,7.1627,1
9.753,8.3756,6.9314,9.089,10.482,1
20.284,26.273,22.794,20.103,18.111,1
9.6528,8.7157,8.4589,11.157,9.0634,1
26.097,16.71,12.855,27.058,25.027,1
14.212,12.473,9.7511,9.7857,10.238,1
25.508,17.471,17.357,25.594,21.789,1
7.0459,12.435,15.112,8.3317,5.5684,1
16.989,24.746,22.164,15.059,12.94,1
17.512,20.498,18.371,14.928,14.498,1
12.768,20.091,16.549,12.573,10.561,1
19.335,22.335,22.783,17.831,15.528,1
24.999,24.01,20.2,23.13,24.384,1
29.236,19.678,13.767,27.572,27.405,1
7.0699,10.117,7.4566,5.17,4.0857,1
23.187,27.88,21.713,17.979,21.048,1
12.774,12.856,10.332,9.607,9.8392,1
17.259,27.04,20.61,17.141,15.176,1
12.722,16.461,18.962,11.761,12.938,1
15.492,24.701,21.896,16.046,10.257,1
4.8073,6.2824,5.4292,-0.65731,0.096777,1
6.9972,14.034,10.77,9.4117,4.5609,1
13.905,23.077,24.847,10.739,12.584,1
10.376,11.833,13.662,10.397,7.978,1
11.26,13.039,12.455,9.635,9.8167,1
6.5994,11.488,13.091,5.0918,4.1494,1
16.625,18.799,16.993,18.26,12.894,1
5.7683,11.809,11.477,5.0747,3.3196,1
13.951,24.88,22.088,12.683,13.077,1
22.212,24.613,24.598,16.642,21.061,1
20.278,31.247,31.948,18.742,18.39,1
11.299,12.632,11.601,7.7355,7.9247,1
17.113,26.787,24.119,15.448,15.372,1
12.212,16.706,11.383,9.1205,9.753,1
21.264,24.515,23.176,21.012,18.068,1
14.719,27.173,26.534,13.226,11.658,1
8.2072,14.266,11.489,4.5701,9.0639,1
10.887,12.53,11.592,8.9995,10.5,1
9.0474,11.199,13.42,8.7081,7.7138,1
8.1209,9.631,9.6889,6.5166,7.7361,1
6.0045,7.3322,3.4951,3.0697,4.1461,1
16.242,13.643,18.249,16.308,12.354,1
24.9,21.841,19.471,24.692,21.518,1
25.273,25.863,20.935,22.712,20.036,1
15.072,18.157,13.995,13.738,12.406,1
25.664,28.35,25.225,23.646,24.438,1
9.7425,14.417,10.406,6.8781,6.6612,1
8.0132,10.105,9.8267,5.3426,5.077,1
8.6539,12.02,10.929,3.6117,6.9066,1
25.469,22.826,20.135,25.243,22.47,1
13.213,12.745,12.122,17.941,9.1874,1
12.142,17.43,12.242,11.77,8.937,1
16.247,26.655,26.402,16.677,14.711,1
11.773,8.6129,7.479,13.675,8.1373,1
25.697,19.952,15.367,22.357,24.114,1
17.871,29.325,23.206,15.656,16.108,1
13.031,14.64,13.14,8.1048,12.292,1
6.9037,13.823,8.3337,7.4153,4.8352,1
28.06,19.024,19.995,25.858,27.249,1
25.515,25.197,24.321,24.405,22.561,1
9.7563,13.62,11.929,4.4091,8.9477,1
9.0581,6.5685,5.2798,10.951,7.398,1
9.732,14.197,14.87,10.294,5.2496,1
23.009,18.747,20.923,21.036,22.37,1
10.444,15.147,13.995,15.179,8.0514,1
14.775,26.043,19.558,11.037,11.116,1
12.057,16.828,11.636,8.4329,10.714,1
20.758,25.357,22.691,21.275,19.2,1
14.337,15.103,10.277,15.124,12.6,1
17.971,25.029,23.525,15.869,15.092,1
10.392,9.6795,6.8974,8.7338,9.1173,1
25.503,22.208,20.527,23.617,21.43,1
16.951,29.208,26.464,14.789,13.869,1
9.6826,10.968,11.374,7.9793,9.9448,1
9.3154,14.226,10.287,7.8662,6.5997,1
10.114,15.309,18.196,10.514,9.6857,1
15.836,22.026,23.294,16.733,14.061,1
17.092,25.743,21.921,16.577,14.12,1
25.786,22.042,20.082,24.987,23.145,1
9.6416,11.201,9.3651,7.2493,7.404,1
13.352,11.732,14.18,9.5343,10.443,1
17.678,24.397,24.993,16.318,17.544,1
15.83,16.307,10.947,12.996,12.378,1
8.9331,10.75,9.1251,5.0803,5.2316,1
15.41,24.583,29.462,16.98,13.842,1
12.54,14.197,12.376,12.367,10.945,1
24.589,19.435,14.38,27.273,24.203,1
11.09,17.88,11.938,12.459,5.2104,1
15.757,21.97,19.89,13.241,13.309,1
12.378,14.264,12.464,8.6847,10.684,1
21.8,26.119,26.236,18.505,18.304,1
20.116,23.942,19.828,17.6,17.111,1
25.665,17.537,18.885,21.527,24.452,1
17.584,29.033,31.099,16.704,16.261,1
17.097,14.475,14.031,13.878,15.293,1
15.468,26.313,21.523,11.731,11.193,1
10.593,10.815,11.453,10.212,9.2818,1
26.126,26.02,23.229,25.983,24.26,1
7.4434,12.79,13.227,6.7326,7.5945,1
14.53,27.021,19.697,15.489,13.311,1
11.094,10.124,6.6094,10.81,7.0624,1
22.84,25.444,27.059,22.219,21.532,1
11.926,19.371,14.11,8.6116,9.5976,1
10.548,19.569,21.584,7.012,8.2689,1
13.35,18.23,20.986,11.475,11.207,1
11.918,16.094,12.306,12.048,9.3599,1
4.4321,11.048,10.604,3.6893,1.6442,1
4.4487,9.1684,10.235,4.3232,1.1293,1
12.649,12.201,6.9387,11.626,8.026,1
14.227,17.302,19.012,15.599,13.061,1
19.845,24.925,15.503,16.034,14.91,1
15.264,11.231,9.5848,20.36,15.519,1
25.176,20.807,20.506,24.355,22.087,1
5.6115,10.212,2.0412,2.8109,3.1042,1
18.782,25.315,20.984,16.713,15.97,1
25.457,25.588,25.718,18.53,23.757,1
13.208,17.505,12.572,14.02,10.981,1
12.209,14.507,13.583,12.123,8.05,1
14.575,27.898,23.77,14.237,9.121,1
7.7887,12.632,7.4812,10.522,5.2536,1
24.137,18.693,16.724,24.677,21.736,1
9.5443,14.627,12.702,12.405,9.3998,1
17.876,26.94,22.728,17.908,15.079,1
4.4008,10.172,8.5798,5.3389,2.5838,1
27.141,18.756,13.875,29.004,25.805,1
22.888,24.611,25.749,23.779,18.702,1
10.938,13.744,12.378,9.362,9.7684,1
10.464,13.952,9.7623,9.7675,8.07,1
18.577,23.02,18.682,16.348,14.684,1
5.8393,7.9444,8.4526,3.3805,3.4665,1
24.696,20.299,19.303,21.153,21.807,1
11.645,13.948,11.131,10.042,12.579,1
9.9639,10.022,7.0151,9.194,7.3479,1
24.022,23.378,18.646,19.709,22.77,1
10.878,12.516,8.1762,10.214,10.315,1
14.437,12.854,15.102,13.772,14.179,1
18.867,28.783,28.222,18.209,14.588,1
26.261,19.748,17.85,26.358,23.124,1
16.452,21.813,21.251,12.424,11.88,1
23.297,23.446,24.495,19.277,20.99,1
13.385,10.196,9.7384,13.561,12.384,1
15.502,29.128,30.808,11.365,13.719,1
14.272,15.103,17.367,13.162,10.558,1
22.051,14.83,14.836,21.712,22.41,1
10.724,9.7373,4.9452,8.5261,7.6714,1
14.036,14.076,13.097,11.928,13.837,1
16.56,28.134,22.11,18.808,14.37,1
26.333,18.788,16.392,22.94,25.52,1
9.465,8.293,5.398,10.67,8.3695,1
8.4021,11.932,7.2014,9.4899,10.828,1
10.057,11.924,13.262,6.6708,8.0489,1
25.826,21.13,15.774,22.083,22.689,1
13.734,12.136,10.152,13.971,13.318,1
20.66,26.308,25.594,17.779,18.015,1
22.307,26.82,24.698,22.129,19.54,1
13.444,10.717,7.1756,12.068,10.88,1
14.799,11.662,9.4082,16.082,12.297,1
21.884,26.52,25.971,23.054,20.21,1
12.719,13.634,8.0957,11.959,11.73,1
15.255,27.021,28.299,16.817,11.503,1
23.014,26.734,24.441,20.766,21.884,1
25.415,26.909,29.079,26.435,21.931,1
7.0077,12.677,9.9838,2.4839,3.5747,1
15.76,23.436,21.116,15.485,9.1133,1
27.963,21.3,19.679,26.615,26.04,1
21.63,15.842,11.431,21.506,20.691,1
12.889,12.577,13.498,12.282,10.793,1
5.1933,10.272,13.176,3.5906,3.1183,1
23.726,24.996,18.935,20.117,21.511,1
25.691,24.793,12.903,23.501,24.483,1
22.151,24.723,24.174,19.823,21.042,1
27.528,25.145,22.161,25.303,25.783,1
10.794,12.55,8.8751,9.3651,8.6033,1
10.75,10.137,5.811,9.2757,6.5001,1
12.06,15.811,16.158,9.699,10.786,1
15.139,13.037,12.572,16.883,11.037,1
19.34,28.726,25.804,17.18,16.357,1
15.28,22.153,22.378,11.544,11.615,1
8.9931,12.555,8.2695,7.5997,7.5423,1
16.935,23.888,18.276,19.666,12.924,1
11.354,17.105,10.473,6.3867,8.8524,1
14.337,22.519,23.802,11.791,12.781,1
17.927,22.217,16.015,15.372,17.15,1
22.896,25.221,25.355,17.957,19.756,1
24.922,21.646,22.525,22.762,22.913,1
13.355,24.534,20.963,13.012,10.211,1
24.91,25.396,24.623,27.145,20.967,1
6.7879,11.315,11.528,5.0669,5.7058,1
22.612,28.326,25.247,21.216,20.984,1
15.09,23.918,24.136,16.192,14.144,1
24.701,23.274,21.254,24.049,21.59,1
15.249,23.452,21.035,14.871,14.527,1
14.489,8.1382,6.7459,12.717,10.647,1
15.218,9.5477,7.3511,18.29,13.481,1
17.874,24.648,21.954,20.445,16.214,1
13.514,13.622,12.689,10.144,8.9092,1
10.922,10.325,4.1132,9.4701,9.8149,1
14.43,27.305,27.182,12.912,14.492,1
25.457,21.638,15.832,26.385,24.992,1
5.3927,14.395,13.358,3.333,3.134,1
25.857,25.756,25.529,26.185,24.048,1
26.23,21.586,18.078,22.617,23.558,1
12.22,18.793,26.33,11.363,8.7523,1
12.942,12.812,13.184,12.749,9.8395,1
20.545,26.508,19.76,16.962,18.856,1
13.378,13.809,10.588,11.464,10.873,1
16.697,14.846,11.144,17.594,17.511,1
12.364,24.672,26.183,15.593,10.77,1
25.391,24.199,23.755,25.248,23.758,1
16.117,25.309,24.714,15.498,13.59,1
14.584,21.929,22.661,16.393,12.28,1
23.656,19.622,17.7,23.334,20.155,1
20.7,27.34,26.287,18.024,20.282,1
12.011,14.825,16.749,10.705,8.3666,1
8.0774,14.791,17.672,4.8414,5.337,1
4.4346,13.72,14.861,4.3336,1.3177,1
14.259,23.59,25.48,14.447,14.292,1
25.061,19.573,19.705,22.834,24.102,1
5.0308,14.564,16.614,2.5274,2.4754,1
25.083,21.99,20.607,26.255,22.838,1
17.115,14.509,13.775,11.731,15.48,1
26.628,24.851,24.181,27.406,23.724,1
24.56,16.869,13.559,22.115,21.278,1
28.717,24.562,23.057,31.289,27.709,1
12.895,10.667,9.4679,13.176,11.366,1
12.801,8.952,12.762,9.7578,11.236,1
10.405,13.999,12.141,7.571,9.963,1
12.486,16.596,7.9846,13.126,8.7575,1
11.608,15.93,12.345,7.9972,10.234,1
14.685,12.185,8.0776,14.281,14.109,1
15.003,23.687,25.757,14.038,14.85,1
18.503,27.624,24.698,15.031,16.53,1
23.906,18.08,18.293,24.235,21.576,1
13.629,15.367,11.945,12.218,12.467,1
20.237,23.77,26.179,19.177,16.964,1
15.781,25.036,19.415,14.683,10.364,1
17.347,20.08,21.781,17.838,15.741,1
6.434,7.4472,7.1685,4.998,3.66,1
11.431,10.318,4.07,12.261,8.8349,1
13.557,13.457,9.6188,10.163,11.109,1
17.659,22.037,23.529,16.651,15.701,1
16.645,27.2,20.403,13.48,15.126,1
14.238,11.188,12.007,10.374,10.598,1
12.639,12.877,9.1657,12.948,9.9833,1
15.519,17.524,13.866,18.425,12.062,1
8.8699,10.514,1.3907,8.5996,6.788,1
15.51,25.5,20.171,13.508,11.812,1
24.934,26.195,24.333,24.336,21.169,1
10.018,10.469,9.3736,8.7831,7.1814,1
13.467,22.282,28.944,15.051,11.283,1
14.529,11.239,6.2522,14.604,10.997,1
12.703,13.867,16.554,12.066,10.265,1
15.478,13.522,12.475,16.721,12.612,1
17.044,26.761,21.97,19.42,15.882,1
22.721,29.848,26.761,22.329,21.448,1
22.444,24.321,21.513,20.131,21.986,1
10.119,10.524,10.264,12.072,5.6657,1
24.525,24.002,24.235,23.876,20.33,1
9.1751,9.5764,8.2123,9.5899,9.724,1
2.3069,10.036,5.4787,3.3522,-0.77848,1
15.523,25.09,25.095,13.505,13.449,1
24.582,29.14,26.68,20.948,23.261,1
27.864,23.18,22.415,26.342,25.548,1
9.5273,10.882,11.415,11.757,5.2424,1
12.578,13.87,14.708,10.949,10.278,1
17.963,24.606,22.569,16.601,15.075,1
12.939,16.043,12.69,10.133,13.471,1
24.23,19.841,22.385,25.114,24.325,1
22.081,25.316,25.548,20.715,20.357,1
16.843,8.8161,4.9309,13.913,13.795,1
25.536,22.835,22.903,24.352,23.48,1
7.1233,8.0024,4.553,2.3646,5.2592,1
24.532,27.75,23.269,22.536,20.819,1
10.051,9.7656,10.875,9.2046,9.1552,1
20.254,27.866,23.882,19.162,17.815,1
10.23,12.638,11.011,11.158,6.0424,1
10.615,12.187,9.1282,7.1137,7.0177,1
5.423,9.3614,10.625,4.4854,4.7877,1
8.4568,8.5103,5.5735,8.5103,6.1432,1
25.126,21.29,20.835,24.818,24.953,1
17.092,23.463,20.651,16.997,14.249,1
8.693,10.253,10.592,8.3185,6.6115,1
23.482,18.365,20.753,22.794,18.353,1
21.08,20.475,19.247,17.263,19.258,1
18.674,27.734,28.116,17.37,14.069,1
14.952,28.546,25.518,13.93,11.276,1
21.312,26.705,26.109,22.31,19.615,1
22.363,28.149,23.522,21.459,22.472,1
10.051,5.5513,2.9124,7.8083,7.6296,1
28.574,23.692,23.063,27.437,26.371,1
7.383,14.072,11.603,4.9346,6.8619,1
20.461,24.238,21.368,19.819,18.489,1
15.214,15.05,10.839,13.492,12.873,1
16.728,14.884,12.848,15.89,14.317,1
11.977,12.107,19.173,12.165,8.7831,1
14.538,13.52,9.179,10.813,12.976,1
15.143,12.807,8.4189,13.664,12.59,1
12.002,11.844,9.1153,9.0844,9.9665,1
13.376,15.973,15.765,12.539,13.354,1
9.1503,9.695,8.6178,8.5736,5.7293,1
12.659,16.013,15.202,11.04,9.6815,1
25.108,21.315,17.974,26.988,23.52,1
14.102,27.457,26.396,14.637,12.487,1
25.366,17.625,18.21,26.922,23.518,1
13.698,18.283,16.855,14.654,13.993,1
25.67,24.038,24.291,28.364,22.152,1
19.449,24.578,23.378,19.557,16.918,1
15.576,25.204,27.798,15.82,12.542,1
22.9,23.51,21.058,21.17,19.552,1
18.963,26.15,26.278,15.19,16.227,1
16.684,23.37,15.802,14.586,17.132,1
25.873,23.329,17.753,25.646,22.609,1
16.579,25.867,22.178,17.29,14.979,1
8.7094,12.728,13.172,6.1557,4.7315,1
24.609,22.055,21.001,19.623,21.194,1
10.705,9.8942,9.4619,10.685,9.7589,1
15.774,15.408,10.371,16.441,12.797,1
11.662,14.995,8.68,9.5454,9.0136,1
15.79,19.605,15.594,16.527,12.77,1
7.2702,12.217,7.6132,5.7984,6.6411,1
4.6308,11.602,4.2868,4.5886,-0.051756,1
12.68,14.108,11.358,12.134,10.791,1
11.335,13.366,14.467,9.3394,8.196,1
11.037,8.4624,7.4995,8.179,9.5211,1
16.274,20.588,18.108,13.932,11.795,1
7.8825,10.066,13.784,9.8463,8.1993,1
24.676,20.068,18.593,21.074,21.903,1
21.799,24.918,21.172,21.936,22.454,1
23.429,23.549,21.588,21.746,20.288,1
12.794,16.779,15.484,11.922,9.2644,1
12.718,16.708,15.613,10.326,10.94,1
9.8395,11.494,5.9833,10.698,6.236,1
17.594,25.062,21.496,15.999,15.817,1
15.388,23.978,22.51,13.414,13.807,1
14.498,24.51,24.998,11.939,12.891,1
14.633,25.34,15.496,13.467,12.572,1
26.354,20.304,21.056,26.377,24.093,1
24.785,27.807,24.132,23.703,21.527,1
12.041,11.648,8.9068,14.253,8.9142,1
11.915,12.012,10.862,10.837,11.982,1
7.8063,10.223,6.7416,4.9563,2.6528,1
8.9504,11.314,13.921,5.9086,5.3739,1
4.1428,10.939,9.3064,3.5935,2.3751,1
17.148,26.614,25.819,18.665,15.574,1
14.942,22.812,19.866,14.602,12.038,1
26.566,29.285,23.818,26.078,24.764,2
19.605,25.649,20.608,19.06,17.013,2
24.282,29.582,29.412,23.66,23.38,2
23.188,32.603,27.445,20.511,21.552,2
31.669,20.589,22.922,29.652,28.755,2
17.551,25.488,24.693,17.178,12.181,2
20.448,31.144,28.211,23.364,18.827,2
17.999,27.827,30.747,18.945,18.679,2
17.244,27.127,31.021,18.348,15.741,2
23.982,35.164,38.822,24.466,21.363,2
19.161,30.29,32.447,15.343,19.258,2
19.672,34.961,34.413,21.003,17.661,2
16.79,30.217,23.067,10.332,17.004,2
23.667,31.237,28.792,21.972,21.858,2
16.368,32.555,32.998,16.571,15.117,2
25.465,30.532,26.72,24.849,25.58,2
24.688,26.227,23.335,24.668,23.574,2
15.462,30.028,24.585,12.405,16.713,2
15.28,28.108,28.58,12.028,11.364,2
27.4,28.167,29.43,26.395,23.435,2
31.089,26.483,22.214,29.308,30.586,2
20.699,26.909,32.893,17.37,17.815,2
27.176,23.053,20.634,24.525,25.051,2
18.034,35.019,37.227,17.336,17.199,2
22.992,29.795,32.538,17.919,21.198,2
28.733,27.238,21.658,24.683,26.43,2
15.44,31.622,26.773,16.534,13.85,2
19.849,28.966,30.072,18.908,16.242,2
30.761,27.416,30.062,34.69,28.494,2
13.675,32.286,35.086,13.568,13.227,2
29.153,25.457,21.814,29.514,27.432,2
30.851,21.987,25.535,28.309,32.414,2
30.139,27.011,29.27,32.196,29.634,2
18.91,33.243,30.21,17.627,19.156,2
26.548,25.616,23.953,22.145,24.659,2
27.633,21.275,17.262,23.407,23.713,2
26.877,27.738,28.054,24.799,23.738,2
16.737,35.377,32.994,16.309,16.661,2
22.044,32.654,30.938,16.471,18.445,2
16.715,33.64,26.419,14.169,15.765,2
20.451,33.629,32.964,18.613,19.111,2
23.969,32.795,33.367,24.234,20.383,2
18.101,32.753,30.287,16.627,17.263,2
16.002,26.176,24.394,11.95,12.11,2
28.549,22.711,24.366,27.745,26.602,2
14.828,25.941,24.517,18.162,11.39,2
13.693,31.647,29.632,12.032,11.88,2
25.024,26.378,20.266,24.176,22.658,2
18.663,32.305,34.102,19.465,14.395,2
23.733,28.699,30.413,20.551,23.026,2
17.443,29.607,33.724,11.531,16.774,2
19.809,30.053,25.279,20.464,18.206,2
16.563,27.677,23.708,14.456,13.904,2
28.169,21.491,23.811,30.916,23.321,2
20.442,31.044,32.022,17.442,17.024,2
31.081,21.283,21.053,29.816,29.301,2
12.681,35.179,35.24,8.6181,10.661,2
35.87,19.573,16.233,33.583,33.61,2
28.413,29.4,27.073,27.628,26.421,2
31.962,21.768,19.513,30.008,31.393,2
26.631,30.894,25.947,28.061,25.775,2
15.666,36.947,38.489,14.77,11.182,2
24.325,27.707,24.152,22.086,22.129,2
21.021,33.627,25.932,22.061,15.987,2
24.53,28.136,24.857,19.513,25.137,2
16.226,27.597,22.848,15.313,16.235,2
19.035,27.457,22.247,19.146,18.599,2
23.948,31.469,25.315,24.234,22.166,2
25.139,28.657,30.127,25.536,23.96,2
22.126,29.657,28.107,20.869,19.427,2
19.024,33.526,34.022,19.922,18.235,2
17.109,33.313,33.174,16.083,14.387,2
21.523,33.917,37.321,16.612,17.125,2
18.576,34.266,30.781,17.353,17.645,2
27.001,25.853,23.371,24.421,27.067,2
25.434,30.614,19.026,22.546,24.035,2
30.087,23.653,19.827,28.336,24.135,2
25.253,30.387,28.382,22.703,24.378,2
30.224,25.301,30.026,28.822,31.235,2
29.079,19.588,15.816,30.761,23.987,2
27.813,28.398,30.768,29.25,27.807,2
27.884,24.177,21.76,30.041,27.205,2
22.11,32.534,28.477,19.828,18.551,2
18.291,33.056,25.712,17.845,15.227,2
26.795,26.795,24.004,29.739,21.344,2
19.022,30.413,32.974,19.168,20.279,2
18.44,24.025,23.894,15.418,14.623,2
27.986,26.679,20.764,28.489,25.821,2
17.9,31.973,29.672,18.819,15.179,2
25.134,30.742,27.901,23.398,23.341,2
29.566,25.271,21.383,27.124,27.465,2
26.732,31.946,32.907,26.467,22.564,2
15.139,28.275,28.033,15.646,12.928,2
18.438,35.987,35.806,18.357,16.239,2
22.825,31.682,25.501,18.647,20.095,2
21.332,34.246,32.43,19.781,19.545,2
25.518,24.463,25.439,21.719,22.278,2
26.99,33.455,32.384,23.458,23.106,2
29.922,27.682,22.934,30.436,27.245,2
21.867,34.29,31.262,20.545,18.747,2
20.16,25.635,20.198,19.374,16.14,2
24.864,27.131,26.267,22.643,23.664,2
28.128,24.496,29.612,29.227,25.468,2
17.735,32.136,32.729,14.95,16.224,2
15.908,36.173,33.928,11.228,13.218,2
32.952,19.532,19.236,32.764,31.34,2
21.896,34.952,29.656,21.853,20.576,2
14.565,31.105,33.777,13.492,12.444,2
14.073,30.264,27.559,17.556,10.154,2
29.881,22.202,20.947,28.926,27.259,2
27.003,27.741,33.756,25.171,23.375,2
15.647,28.422,20.656,14.907,14.128,2
26.375,21.67,22.812,24.472,23.595,2
30.755,23.88,20.913,32.061,27.541,2
22.772,32.586,28.231,18.791,21.394,2
23.741,26.268,25.844,20.513,22.833,2
19.878,32.611,27.419,18.722,16.047,2
20.204,24.619,20.362,17.973,17.975,2
28.04,22.603,23.388,26.612,26.583,2
19.562,27.376,23.001,18.546,17.254,2
25.959,29.748,28.479,27.655,26.357,2
20.983,31.776,35.279,21.422,18.407,2
27.67,27.63,23.837,24.211,26.313,2
22.102,31.756,24.172,19.076,18.206,2
23.452,32.083,28.598,21.746,20.275,2
19.625,32.234,31.475,22.764,18.04,2
20.572,23.858,25.271,18.074,19.29,2
30.675,25.626,23.43,28.663,28.887,2
17.58,32.213,32.398,15.605,18.42,2
26.027,30.726,31.66,24.593,23.119,2
28.062,32.379,32.186,22.254,25.071,2
23.159,30.196,33.274,23.726,22.406,2
24.453,26.44,25.024,21.298,21.104,2
25.795,28.628,25.849,26.925,26.698,2
20.189,34.754,32.195,21.531,17.207,2
29.09,21.925,19.14,24.404,26.462,2
26.955,29.441,30.48,28.493,26.335,2
17.848,30.721,32.32,14.568,14.551,2
16.672,27.775,29.584,13.016,15.784,2
28.762,28.717,27.69,27.001,27.671,2
26.032,27.639,27.841,23.12,22.327,2
29.084,22.799,20.409,24.5,28.052,2
27.455,25.908,16.72,27.626,25.733,2
20.611,31.711,32.637,21.082,17.633,2
19.591,29.534,26.709,19.409,16.508,2
27.543,22.623,25.246,25.606,25.37,2
29.001,26.453,25.844,29.66,27.142,2
19.981,32.639,29.05,19.737,16.623,2
22.981,28.265,32.596,20.533,21.224,2
16.201,30.003,24.965,16.426,13.828,2
30.036,19.091,13.614,27.188,26.661,2
29.237,25.928,22.51,25.584,25.612,2
25.412,24.096,24.451,24.504,22.423,2
30.163,23.121,17.141,29.735,26.836,2
18.131,28.98,26.586,14.56,17.432,2
32.672,22.479,22.301,35.015,28.881,2
20.668,30.671,32.651,18.922,18.654,2
25.903,31.452,30.389,26.574,24.432,2
29.406,27.886,25.124,28.226,25.85,2
29.084,24.415,19.479,23.992,27.4,2
30.691,23.052,22.941,26.172,27.815,2
21.091,23.881,20.611,22.327,17.655,2
23.489,28.534,29.706,20.468,19.244,2
21.807,33.149,34.703,25.528,18.278,2
27.629,26.476,21.013,26.625,27.831,2
18.511,31.668,34.011,19.445,14.111,2
26.456,32.643,27.972,24.734,23.341,2
18.25,26.298,20.639,15.727,14.433,2
13.738,33.048,32.443,14.97,12.604,2
23.91,30.807,30.579,21.219,20.425,2
33.669,24.497,26.465,28.901,30.848,2
22.07,31.413,31.352,17.879,20.882,2
20.578,31.17,26.87,21.438,19.682,2
14.494,32.521,28.047,12.747,10.764,2
24.153,30.125,28.562,24.141,21.685,2
18.42,32.287,34.562,18.356,16.749,2
27.614,24.514,23.793,24.817,25.399,2
15.732,26.191,25.638,14.945,16.148,2
18.112,28.472,28.533,18.642,17.725,2
19.377,35.268,34.905,18.123,19.043,2
24.45,26.435,18.957,23.884,19.374,2
18.484,28.93,26.424,17.256,15.791,2
19.311,32.639,32.142,20.141,16.775,2
28.053,27.795,19.762,24.937,24.332,2
22.057,33.199,30.538,23.02,18.751,2
15.818,33.619,25.322,12.811,14.633,2
28.244,24.778,19.107,25.804,24.088,2
22.061,33.178,38.361,21.18,21.5,2
28.351,31.885,35.027,25.718,28.479,2
32.085,20.867,24.284,31.979,29.904,2
15.65,33.246,34.325,16.256,15.967,2
30.905,26.771,24.244,33.039,30.955,2
16.558,27.937,25.106,17.664,14.469,2
14.399,30.737,25.437,14.907,11.639,2
19.042,27.991,28.139,19.198,18.035,2
28.064,27.392,22.252,27.829,24.934,2
26.208,31.54,29.075,25.508,23.761,2
24.194,30.319,28.603,24.755,23.674,2
29.23,25.788,23.043,27.107,25.615,2
21.589,33.168,27.863,20.821,18.413,2
20.461,32.257,31.242,23.524,19.49,2
18.459,33.312,33.736,18.799,13.685,2
21.813,26.971,26.103,21.499,20.916,2
18.998,32.936,26.622,18.365,16.665,2
27.101,24.261,20.121,29.686,24.694,2
21.17,28.393,29.61,15.347,18.755,2
21.839,29.659,26.441,21.079,19.096,2
24.872,27.679,28.452,22.889,22.595,2
26.345,27.022,20.391,23.401,23.497,2
18.634,29.68,33.665,14.808,15.33,2
24.75,21.817,24.666,23.388,23.963,2
27.848,30.006,25.547,26.45,25.643,2
25.828,28.718,28.324,23.939,24.267,2
26.37,29.091,25.905,26.137,24.961,2
13.373,35.531,35.143,11.333,10.931,2
24.803,28.352,25.89,23.647,22.101,2
22.411,32.072,36.321,23.315,20.814,2
29.317,24.224,24.498,26.018,26.693,2
27.384,26.532,24.318,27.191,25.91,2
24.241,30.212,32.637,22.346,20.516,2
22.922,34.263,32.916,21.47,20.762,2
21.667,30.771,29.621,21.61,19.634,2
21.405,33.143,33.03,21.017,21.136,2
19.357,27.687,25.551,18.979,19.604,2
18.993,34.617,32.609,19.09,16.476,2
25.002,29.279,29.702,25.049,21.862,2
18.318,32.862,31.018,19.187,14.655,2
20.377,25.697,20.611,18.784,17.371,2
22.713,26.48,21.743,23.001,20.517,2
21.407,31.436,33.005,23.773,17.462,2
18.881,33.514,27.38,16.394,16.013,2
22.029,28.533,24.941,21.319,20.601,2
28.267,23.344,16.158,28.145,28.062,2
11.128,29.985,28.788,13.904,10.303,2
25.552,29.164,25.495,22.066,22.464,2
30.683,26.299,17.67,32.403,25.684,2
16.259,32.093,30.741,15.652,13.501,2
17.51,28.394,25.344,15.163,15.799,2
19.454,28.618,21.611,16.92,17.324,2
20.862,31.279,26.812,18.654,17.814,2
27.295,26.152,23.618,23.94,24.306,2
18.061,36.275,28.173,16.399,16.482,2
18.537,28.639,24.401,16.191,18.276,2
17.739,33.654,38.067,19.934,16.417,2
17.658,33.828,32.314,19.043,12.391,2
19.045,29.564,29.828,18.046,15.668,2
15.577,28.182,29.318,14.988,11.868,2
15.286,33.898,33.904,15.195,11.815,2
19.662,30.367,29.534,20.789,19.402,2
32.859,20.907,15.229,33.505,31.167,2
18.961,27.882,30.497,12.599,16.795,2
33.352,25.625,26.418,29.72,30.985,2
16.39,25.094,29.744,14.345,11.53,2
21.225,32.337,25.632,22.003,18.613,2
20.079,26.939,29.978,21.165,17.025,2
19.603,31.319,31.722,17.11,17.174,2
29.974,22.084,14.57,29.637,26.659,2
28.654,23.162,20.544,27.066,27.381,2
15.875,26.909,19.69,15.599,13.218,2
20.167,29.024,27.066,21.621,18.319,2
21.337,29.013,28.003,19.476,19.947,2
21.436,32.846,32.352,24.514,19.281,2
20.137,32.897,36.216,18.091,17.98,2
19.903,26.337,24.621,17.958,18.98,2
17.992,32.187,25.397,18.505,17.093,2
13.164,35.283,30.362,11.078,9.194,2
27.439,23.609,19.476,24.255,23.459,2
21.97,33.992,36.224,19.901,21.673,2
22.878,31.67,25.942,24.227,20.29,2
15.954,29.741,23.742,14.738,13.989,2
15.608,36.801,31.175,14.138,13.731,2
17.361,27.303,28.145,17.55,14.821,2
27.505,25.453,20.814,25.163,25.489,2
14.508,27.744,20.207,16.521,11.759,2
17.061,30.749,23.273,14.372,16.371,2
27.167,27.883,25.002,28.853,25.765,2
14.908,29.983,28.691,16.649,11.646,2
22.182,29.29,31.066,16.399,20.911,2
17.612,23.727,21.365,15.406,13.576,2
14.509,32.093,30.525,13.708,10.677,2
22.328,36.069,32.642,24.207,18.446,2
28.396,18.515,17.598,28.179,25.908,2
25.753,23.59,21.13,25.03,24.251,2
19.965,29.6,24.873,16.807,19.06,2
19.063,36.394,32.092,18.549,16.059,2
18.104,30.766,23.586,18.55,14.776,2
29.554,25.226,20.595,32.08,27.598,2
21.984,31.243,27.095,19.9,20.68,2
17.246,27.595,25.333,15.111,13.452,2
31.352,22.838,23.067,31.633,28.573,2
19.451,34.139,31.414,17.075,17.365,2
22.856,34.507,37.915,23.085,20.034,2
20.101,32.834,33.206,19.327,17.57,2
11.629,36.171,31.311,8.6673,8.6971,2
20.13,28.415,28.239,18.852,20.221,2
13.871,40.481,35.807,13.665,9.1254,2
24.231,31.968,27.768,21.729,22.174,2
18.581,25.88,22.681,17.479,18.872,2
26.602,30.192,29.149,22.396,23.912,2
24.019,29.336,25.156,22.502,22.107,2
17.715,33.637,31.211,14.001,12.686,2
26.734,22.07,20.78,27.199,22.261,2
22.682,33.025,27.302,21.27,18.418,2
31.153,24.09,18.144,32.727,31.146,2
26.462,28.629,18.658,23.704,25.344,2
16.76,32.775,27.672,19.13,13.828,2
26.573,28.002,25.217,24.864,24.738,2
28.356,26.12,31.719,25.862,28.821,2
20.398,31.997,33.407,17.9,16.986,2
20.946,31.887,32.635,18.539,19.415,2
23.998,31.676,31.859,22.717,22.937,2
15.666,31.416,27.133,14.421,11.75,2
26.379,27.739,24.799,20.889,22.463,2
29.546,22.229,18.813,27.592,27.829,2
16.667,33.429,31.024,14.938,15.317,2
17.875,30.971,29.369,20.351,13.673,2
30.515,23.035,19.811,30.994,29.819,2
23.443,26.003,24.821,20.755,20.649,2
22.499,32.448,36.523,20.165,17.725,2
16.307,26.461,27.357,20.154,14.423,2
18.504,31.399,25.599,19.346,18.115,2
32.379,18.432,21.441,33.319,29.808,2
27.894,29.681,22.767,28.48,27.662,2
30.219,25.511,24.503,27.03,29.07,2
28.623,28.787,28.714,26.076,24.523,2
20.363,32.522,29.844,19.405,16.978,2
23.628,31.988,31.122,24.405,21.364,2
29.395,22.101,16.53,27.301,28.868,2
21.779,28.042,29.581,20.614,20.293,2
19.388,35.006,39.28,19.275,15.232,2
26.499,22.65,18.401,28.289,26.231,2
12.83,35.523,36.498,14.388,10.899,2
19.078,35.776,29.495,17.025,18.091,2
24.136,30.739,27.617,22.774,21.116,2
26.828,27.555,26.408,24.455,23.211,2
21.07,32.58,29.144,18.901,17.506,2
17.814,26.992,24.839,16.238,17.136,2
28.581,28.636,25.4,26.516,23.54,2
28.79,23.108,20.041,25.805,26.623,2
20.889,32.297,29.525,19.453,17.876,2
25.895,27.552,28.742,22.292,23.066,2
26.796,23.354,19.787,27.592,23.793,2
25.174,29.499,28.15,23.924,22.583,2
18.425,30.276,31.444,16.467,16.565,2
19.074,29.203,23.72,21.654,15.87,2
16.763,30.323,22.367,15.043,13.247,2
29.106,26.639,20.716,29.837,24.821,2
26.369,27.274,23.862,24.538,22.664,2
25.002,30.114,29.062,22.93,24.681,2
21.988,35.015,32.284,18.886,19.157,2
27.323,25.944,23.722,28.944,22.902,2
21.22,27.933,24.629,20.016,17.779,2
29.007,31.03,29.802,23.849,27.235,2
16.247,30.642,31.483,16.966,13.89,2
19.168,26.389,23.575,17.438,17.062,2
18.433,32.597,33.152,20.952,15.739,2
21.575,27.489,26.899,23.019,21.237,2
29.017,23.271,18.095,24.228,25.818,2
15.204,35.977,35.61,15.821,11.884,2
20.959,29.291,26.375,22.681,16.161,2
13.666,30.663,29.368,10.125,11.249,2
25.045,28.19,28.239,26.816,22.375,2
20.402,29.913,27.877,19.038,18.958,2
15.079,31.306,29.75,16.837,12.1,2
17.089,33.006,33.13,16.314,13.262,2
26.469,20.897,20.692,23.117,21.506,2
16.795,34.609,28.341,16.962,18.588,2
16.344,30.899,26.866,15.933,14.678,2
22.231,34.27,30.289,20.254,22.898,2
20.169,30.221,29.368,18.598,18.544,2
25.29,28.676,27.453,22.005,21.039,2
19.876,30.429,33.362,20.016,19.07,2
22.705,31.081,27.738,24.886,19.916,2
13.451,31.159,32.467,10.651,12.954,2
27.137,29.272,23.919,27.366,26.378,2
34.39,21.105,18.583,33.245,33.124,2
24.896,32.763,31.335,22.475,23.189,2
30.692,22.028,20.078,30.349,28.206,2
35.26,20.249,17.459,32.247,35.63,2
18.786,33.287,33.734,16.221,16.401,2
17.667,26.44,25.809,16.124,13.756,2
15.178,33.184,28.305,11.372,11.209,2
28.405,26.748,31.292,27.467,26.408,2
27.456,22.034,17.46,26.578,24.108,2
28.957,26.714,21.55,30.497,24.502,2
21.599,29.837,26.473,24.363,18.926,2
21.526,36.362,32.139,22.67,20.223,2
31.885,21.021,17.669,30.855,31.035,2
16.2,27.843,22.825,15.524,13.889,2
24.108,30.049,28.121,24.482,20.886,2
21.503,30.056,31.195,20.741,18.607,2
30.391,23.429,22.419,30.03,26.115,2
17.378,29.854,24.593,14.996,15.485,2
16.288,30.735,27.123,14.392,13.009,2
33.547,20.658,20.428,34.889,30.455,2
31.583,25.631,19.496,31.144,28.717,2
16.566,32.291,29.932,14.239,13.983,2
27.683,26.594,29.074,27.437,26.004,2
19.082,29.089,25.785,18.734,16.809,2
28.572,23.059,17.499,28.822,28.079,2
20.952,31.92,25.322,20.291,18.207,2
15.695,36.951,35.288,12.639,14.261,2
19.095,36.553,36.926,14.842,15.32,2
16.625,30.312,32.419,17.933,12.741,2
20.011,33.646,30.758,19.197,15.133,2
22.613,27.317,23.604,18.803,19.663,2
27.339,24.986,20.644,25.569,25.059,2
20.941,31.282,30.444,17.282,18.382,2
21.92,29.42,28.425,22.327,20.214,2
28.658,29.066,28.708,30.215,26.844,2
28.071,31.642,29.214,25.613,24.375,2
25.241,31.225,30.593,24.515,25.296,2
19.389,32.725,28.713,20.977,18.692,2
27.046,28.189,26.513,27.385,25.836,2
27.815,27.114,27.3,26.877,25.086,2
18.865,28.945,26.172,17.413,18.688,2
30.459,25.239,21.184,30.564,29.209,2
31.905,23.704,19.538,30.676,31.331,2
23.238,31.159,24.614,23.106,19.99,2
19.077,33.567,28.602,16.848,18.573,2
31.229,15.348,14.174,29.882,28.759,2
19.931,27.897,25.088,21.342,16.729,2
18.54,28.089,24.359,14.283,14.925,2
19.679,32.338,33.904,19.778,16.467,2
17.329,31.004,26.031,14.538,12.877,2
20.615,33.077,32.946,20.056,17.564,2
24.88,30.517,23.745,23.489,21.336,2
18.242,30.764,23.765,19.612,17.298,2
23.514,33.172,32.255,22.232,23.447,2
17.25,35.318,37.016,17.871,14.309,2
11.252,36.04,35.864,7.8506,8.8594,2
23.091,35.852,35.007,21.484,19.584,2
16.09,30.363,26.351,13.731,15.342,2
33.478,20.553,17.815,32.655,29.365,2
19.689,25.882,22.085,18.224,19.411,2
18.593,29.901,23.318,14.59,17.297,2
18.016,26.646,24.823,15.727,13.144,2
27.61,28.889,27.18,27.745,24.641,2
29.161,26.828,26.341,27.267,26.39,2
28.442,22.369,22.208,29.667,26.978,2
24.738,27.006,23.829,21.83,24.273,2
18.678,32.104,28.218,19.168,16.382,2
28.538,25.491,24.586,25.817,25.536,2
19.976,32.362,30.785,19.678,14.145,2
18.067,30.093,29.084,15.336,15.01,2
28.546,25.662,23.66,27.295,27.908,2
25.623,28.328,28.338,26.155,22.39,2
18.501,32.955,31.798,16.74,17.124,2
18.873,25.473,20.22,16.957,17.205,2
28.195,25.701,31.893,28.958,23.843,2
23.14,30.818,30.054,23.64,20.605,2
25.267,32.459,35.069,24.417,24.247,2
17.04,29.145,25.55,13.609,15.514,2
21.589,29.458,24.261,19.815,20.283,2
29.859,27.218,21.653,29.297,27.73,2
23.03,31.309,28.201,25.202,19.524,2
18.961,34.206,29.544,13.658,17.422,2
15.229,32.479,30.068,16.515,13.288,2
29.712,26.874,21.024,29.928,27.116,2
24.474,31.176,36.849,26.931,20.118,2
20.612,31.69,35.11,20.714,18.445,2
21.764,30.355,30.101,20.054,18.367,2
19.897,30.808,27.418,21.273,19.963,2
19.973,28.982,23.872,18.773,18.413,2
18.983,31.632,25.545,16.028,19.314,2
20.499,34.712,38.216,21.792,18.447,2
12.574,30.663,24.932,11.845,9.9753,2
16.003,30.34,22.773,14.471,12.982,2
12.589,28.494,26.362,11.138,9.5827,2
18.429,34.874,37.013,15.657,15.674,2
27.179,26.232,15.156,28.48,26.936,2
26.641,31.729,32.286,22.202,22.826,2
19.582,33.562,29.87,19.98,18.391,2
20.621,32.269,31.342,20.728,18.268,2
14.899,32.332,29.932,14.446,14.789,2
21.011,33.099,25.499,21.414,16.901,2
21.343,25.717,25.886,16.846,19.577,2
29.795,23.986,18.688,30.292,26.159,2
22.514,27.481,20.429,20.44,19.572,2
19.611,30.158,25.867,20.138,17.366,2
26.061,26.149,22.004,20.305,23.166,2
22.149,31.729,25.996,22.25,20.46,2
19.313,32.074,31.18,13.996,17.135,2
26.703,24.248,22.941,25.091,24.957,2
26.893,24.256,23.768,27.598,22.656,2
21.184,31.389,26.238,21.696,18.49,2
21.085,30.68,26.101,19.138,18.152,2
27.892,27.654,23.037,28.13,25.644,2
17.707,29.777,32.37,15.44,15.415,2
30.168,23.11,23.04,28.909,29.103,2
26.609,24.71,25.014,26.584,24.578,2
19.178,25.813,28.588,19.471,18.676,2
23.943,29.271,28.023,21.63,23.362,2
27.605,24.924,23.764,26.156,23.424,2
28.163,27.184,22.978,23.76,24.337,2
14.607,32.092,27.276,13.321,11.263,2
25.65,32.159,32.991,24.08,23.695,2
28.315,25.624,22.91,30.099,24.423,2
25.246,28.222,27.366,24.493,23.374,2
26.485,31.804,28.676,26.483,24.831,2
13.086,20.475,14.295,12.227,10.679,3
10.168,17.177,18.973,9.6185,7.3792,3
13.353,22.123,20.103,11.152,13.466,3
11.537,20.796,17.251,11.487,8.9487,3
2.9237,18.559,21.643,1.125,1.7127,3
13.759,26.241,20.931,13.406,10.798,3
11.185,24.291,21.336,13.379,10.676,3
11.724,34.162,24.899,11.888,6.8499,3
13.258,28.394,23.858,13.129,10.343,3
15.028,28.249,23.872,12.501,12.833,3
11.419,24.514,17.877,13.112,6.4291,3
5.493,16.244,15.164,4.3696,7.6215,3
13.618,32.155,26.63,11.008,11.11,3
3.2167,17.184,15.609,0.8583,4.12,3
12.754,18.537,14.773,13.822,11.468,3
11.451,22.283,19.83,12.475,9.1043,3
6.1356,14.482,13.337,7.3481,1.8636,3
10.823,21.36,22.348,8.0136,7.8793,3
15.439,28.706,26.703,13.024,13.575,3
14.893,21.237,18.893,13.302,9.8533,3
1.6409,18.754,16.614,-0.86751,-1.3557,3
13.513,26.927,24.848,11.488,12.131,3
9.8423,21.767,20.414,7.1854,8.7403,3
-0.5429,19.385,15.654,-2.6486,-2.9154,3
14.625,27.635,23.397,13.846,10.722,3
15.651,25.405,20.866,15.019,11.581,3
10.641,19.203,17.268,5.916,8.5115,3
12.345,30.85,30.382,11.246,10.36,3
13.181,21.107,14.291,10.855,13.482,3
1.5339,15.58,14.085,0.74751,-0.031033,3
17.33,28.507,27.775,18.092,15.183,3
12.071,19.03,19.302,11.799,10.02,3
5.1241,15.269,13.634,1.2801,2.5698,3
12.319,30.687,28.51,10.151,9.2385,3
14.461,25.651,24.825,10.051,13.577,3
7.6177,18.57,16.838,6.5594,5.1652,3
3.2899,18.978,20.675,0.21541,1.4484,3
2.9112,12.446,12.418,2.1544,1.1782,3
8.0344,18.654,20.041,5.719,4.6069,3
2.1813,20.825,18.719,0.59905,-1.4446,3
12.826,21.797,17.072,9.2412,9.8607,3
9.9727,23.556,23.261,8.19,4.7282,3
5.3625,19.063,19.744,3.1671,3.9906,3
7.0512,16.078,17.225,8.3661,5.9617,3
9.7295,18.619,14.97,10.084,9.3967,3
6.4367,19.143,16.436,7.773,2.0044,3
4.014,18.296,15.872,4.5133,3.4499,3
12.938,21.76,16.389,14.427,8.663,3
17.695,28.669,31.186,15.967,14.586,3
3.4926,17.761,11.67,0.50794,0.98372,3
10.854,22.475,25.233,12.538,6.2749,3
8.2624,28.396,23.29,5.9886,6.7996,3
12.364,20.83,18.126,13.187,10.169,3
13.476,29.329,28.915,13.185,11.152,3
14.71,26.684,22.702,14.909,10.422,3
9.8162,24.656,19.96,11.469,8.3041,3
9.1414,20.146,18.886,6.8575,6.3559,3
-2.1278,17.111,12.479,-6.3714,-2.2828,3
14.882,25.013,17.971,14.78,14.622,3
15.983,28.839,23.548,12.955,13.603,3
6.5276,19.813,13.616,2.0364,4.588,3
2.3543,15.693,16.31,0.92421,1.8165,3
5.3098,16.82,18.185,7.3802,4.9636,3
9.6658,19.516,22.931,6.0944,7.6095,3
14.587,25.955,21.044,13.275,15.652,3
8.9316,19.85,20.246,7.9599,7.8995,3
0.2313,20.513,21.157,-3.2664,-0.1446,3
15.151,29.626,31.153,15.229,12.304,3
8.0489,17.385,16.053,4.1062,3.8431,3
9.9949,19.186,18.733,10.64,9.3071,3
1.709,18.162,15.497,-0.58755,0.3666,3
2.6848,13.954,15.105,-0.10738,1.4869,3
14.338,24.285,23.211,11.667,10.986,3
13.958,26.899,24.45,14.017,10.902,3
11.534,15.189,8.345,10.338,10.877,3
5.386,16.246,10.579,6.3654,2.6114,3
3.6613,16.251,15.22,1.8217,3.6237,3
4.6546,17.164,10.494,3.8967,1.3564,3
2.4149,16.988,11.989,-0.64635,2.9408,3
10.774,18.984,19.493,15.914,6.1453,3
5.1909,15.418,15.195,6.965,-0.42185,3
12.083,23.827,22.66,11.407,10.176,3
9.6183,15.83,9.5374,8.5137,9.9709,3
4.6926,16.279,15.09,5.0522,3.9313,3
12.548,26.425,20.56,12.492,11.91,3
6.9691,19.994,18.29,4.698,4.4585,3
12.068,29.916,21.688,7.1212,10.141,3
5.5189,16.998,10.086,5.8997,3.7269,3
2.5904,21.874,25.544,0.021607,-1.3389,3
12.368,21.281,16.653,13.247,12.438,3
6.909,17.134,16.653,9.119,4.1775,3
6.4094,15.301,18.156,3.4725,4.8618,3
13.427,24.669,24.747,14.442,10.74,3
0.8329,14.103,8.4787,0.87337,1.2314,3
6.6936,14.752,14.195,7.3937,6.6343,3
11.802,21.369,15.337,11.991,10.61,3
13.118,18.096,15.157,15.692,10.367,3
13.517,20.04,16.38,12.361,9.5274,3
7.048,18.375,20.352,7.9673,5.2699,3
7.1175,16.78,17.805,7.171,6.5048,3
10.229,16.925,15.745,4.785,7.8398,3
0.5021,18.901,17.687,-2.7849,-3.7384,3
1.1045,16.87,15.461,-1.8637,1.7325,3
14.514,26.31,20.968,15.816,10.561,3
5.3043,17.842,18.107,4.6872,5.3356,3
9.0659,21.253,17.326,4.4337,7.9358,3
9.6176,23.932,25.265,8.2021,7.7788,3
11.723,27.871,29.161,10.1,9.683,3
10.492,19.145,16.506,9.1618,8.8626,3
14.341,28.312,20.475,14.825,11.556,3
5.6766,13.517,8.8406,2.5627,4.2131,3
13.13,25.349,29.646,11.44,11.691,3
13.335,24.787,24.801,15.525,12.417,3
8.9817,18.534,18.888,7.5219,5.281,3
8.9973,22.182,23.921,12.438,7.1302,3
16.812,24.081,18.169,14.924,14.428,3
1.4203,18.224,16.163,1.8447,1.9099,3
2.5195,16.252,18.919,2.0759,-2.1504,3
0.9964,17.259,14.33,-1.5485,-0.28424,3
4.795,21.497,20.372,2.1377,1.7908,3
13.959,21.026,22.073,15.399,10.285,3
1.8424,17.685,14.258,-0.99627,1.4785,3
11.159,27.047,27.771,9.5243,10.289,3
11.415,22.327,20.405,7.9587,10.45,3
15.236,23.425,23.624,15.967,16.12,3
13.113,24.692,27.931,14.405,11.865,3
6.2471,19.354,19.091,3.3113,2.3572,3
9.8638,16.853,15.452,13.469,7.6327,3
11.072,25.979,22.727,9.5049,7.4396,3
1.8312,20.882,16.951,0.38063,0.094867,3
2.1599,17.716,17.218,3.2885,-0.16781,3
13.749,32.005,29.396,9.383,12.325,3
13.742,20.291,19.487,13.197,12.643,3
13.386,20.28,17.933,13.75,13.456,3
11.645,16.335,18.496,11.082,8.6734,3
4.9945,17.528,13.854,4.7616,3.7338,3
6.9272,20.032,18.379,7.4189,3.1582,3
9.3717,22.72,21.22,7.9114,8.6447,3
14.476,26.079,21.866,13.528,13.635,3
13.024,21.399,22.856,9.4527,9.7654,3
3.3678,16.655,12.32,2.8177,1.1717,3
5.2238,14.182,15.375,4.8105,5.675,3
11.638,21.922,19.001,12.543,7.4222,3
9.8724,18.041,16.722,10.34,8.1147,3
14.992,27.637,27.029,12.257,11.4,3
15.923,21.804,17.845,15.957,12.51,3
5.2687,17.053,12.026,6.7291,4.2725,3
12.422,21.502,17.923,9.5788,10.969,3
12.709,26.316,23.713,13.563,11.958,3
1.3034,18.393,16.811,3.7087,1.0586,3
11.953,31.383,34.943,10.19,7.9572,3
13.087,25.325,26.935,13.118,9.7791,3
5.5478,17.526,12.323,4.8477,1.9966,3
1.8125,18.222,16.561,-0.15436,-0.15805,3
10.431,24.052,22.631,8.7936,10.333,3
12.657,30.856,28.854,10.412,10.626,3
9.4942,18.012,15.471,5.6489,6.7933,3
13.676,25.352,23.813,10.896,11.671,3
11.337,22.565,18.334,7.1675,7.2475,3
14.167,24.878,24.046,14.139,10.852,3
12.071,25.594,27.3,13.984,9.9581,3
12.698,21.613,17.794,10.948,8.9597,3
12.819,16.062,9.3512,10.449,8.8917,3
11.424,27.742,27.278,11.189,12.318,3
10.65,17.835,13.03,10.242,9.3435,3
16.316,25.224,23.75,13.5,12.8,3
10.959,18.048,16.03,9.4429,7.4537,3
10.236,21.434,18.225,10.826,7.4874,3
12.236,27.976,27.526,12.952,8.8533,3
6.0055,21.628,17.907,6.0292,2.158,3
15.436,27.514,27.178,13.256,15.548,3
14.463,34.425,33.443,11.273,13.17,3
12.028,29.919,27.181,11.214,10.036,3
1.542,15.275,7.8475,1.5241,-0.33409,3
13.164,28.65,26.511,11.311,9.5969,3
6.9265,17.254,18.053,8.3775,3.7962,3
7.0719,19.278,13.582,7.6123,5.0851,3
1.3322,14.098,12.435,0.069679,-2.1199,3
11.528,20.115,15.728,11.47,10.82,3
15.841,27.256,26.418,15.57,11.645,3
12.879,26.261,25.316,10.013,11.607,3
4.6263,15.027,16.087,1.5031,1.6078,3
9.9732,19.692,15.321,11.807,9.5392,3
11.7,21.61,18.256,11.366,10.172,3
10.182,19.453,20.761,9.3322,6.913,3
9.8457,20.447,20.415,8.2105,7.4923,3
13.954,27.302,23.794,10.744,11.908,3
13.148,19.569,20.159,13.192,12.112,3
12.355,26.881,22.972,10.811,9.1656,3
3.3494,20.589,23.608,0.47019,2.0099,3
13.078,21.416,16.97,15.829,10.395,3
11.149,26.651,26.08,10.7,9.9837,3
4.3843,16.237,15.454,4.0817,3.5241,3
11.656,30.964,25.848,8.9053,12.136,3
5.0772,21.688,22.042,5.2675,1.6428,3
14.346,28.656,29.969,13.089,11.299,3
13.172,23.652,17.086,12.842,13.718,3
7.6665,17.889,18.443,7.8187,4.4235,3
7.9339,14.664,10.912,9.8566,5.7337,3
9.1757,17.351,13.499,5.959,6.6755,3
9.3464,19.464,16.533,6.2494,8.693,3
10.498,20.478,17.138,11.463,8.974,3
12.869,24.425,24.083,13.029,7.1642,3
2.1759,20.764,15.964,0.29532,1.7854,3
11.035,20.035,15.604,9.4552,6.8186,3
10.873,24.075,20.975,11.186,8.8613,3
3.0351,19.308,23.256,1.763,1.3016,3
14.296,20.978,20.845,16.609,12.789,3
8.4206,18.044,17.75,8.7436,8.259,3
10.594,27.9,21.907,6.0634,5.9725,3
11.994,17.584,12.505,10.555,10.633,3
12.626,20.315,19.423,11.028,11.388,3
10.208,18.918,12.32,11.366,10.423,3
9.8741,17.879,15.226,9.0609,6.9313,3
8.8282,22.872,18.887,5.029,5.4236,3
4.4718,15.126,19.707,3.1461,1.3733,3
10.898,23.103,22.896,13.003,8.215,3
8.9517,29.779,29.926,7.6148,8.2556,3
12.98,32.515,30.823,10.158,10.623,3
2.136,14.783,11.735,1.8134,-0.761,3
4.7292,14.86,12.546,7.0431,2.4613,3
6.3568,19.264,20.171,5.9644,3.1303,3
12.386,25.12,17.934,8.9122,10.09,3
5.2806,16.533,12.359,6.2359,4.3739,3
8.6002,18.231,14.717,11.79,5.37,3
1.6873,16.235,10.438,2.3077,-1.8563,3
10.354,18.828,17.59,11.496,9.1221,3
11.964,26.298,24.344,9.8294,9.2815,3
7.0382,17.069,10.46,4.8673,5.2943,3
10.727,22.066,16.092,7.86,10.549,3
13.14,23.911,26.406,11.109,11.336,3
11.865,26.617,18.313,9.5728,7.4905,3
1.7935,17.747,14.73,2.4612,-3.1962,3
8.7623,17.361,16.835,7.538,5.0842,3
15.945,28.657,27.36,17.14,14.056,3
13.153,23.958,23.455,12.781,9.7728,3
12.537,19.583,19.347,11.527,8.9217,3
13.607,24.193,19.049,9.3812,11.404,3
6.9383,17.296,9.7172,3.9421,4.9485,3
17.944,26.133,20.344,18.78,18.354,3
3.8155,13.27,9.4759,3.2474,1.8335,3
0.3563,17.428,12.881,-0.60474,-2.2657,3
11.651,27.337,27.884,11.249,9.2812,3
14.462,29.796,22.951,11.548,9.0368,3
11.045,16.291,9.2943,10.05,8.5163,3
7.7154,16.128,18.12,5.3571,4.4659,3
3.9739,19.392,19.58,1.519,1.6706,3
11.159,24.79,18.089,11.478,10.117,3
11.764,25.667,24,12.856,9.9636,3
4.003,13.513,12.398,4.4859,-0.99362,3
13.078,26.866,31.635,14.928,8.9767,3
13.906,27.149,25.125,12.827,7.6678,3
8.7239,19.324,18.78,6.1486,5.773,3
10.465,16.547,16.075,9.3747,6.0945,3
3.7657,14.324,16.829,1.4481,0.75574,3
12.443,22.46,18.863,10.512,8.8644,3
14.718,24.946,14.394,14.237,11.466,3
2.9469,15.166,14.77,1.5257,2.119,3
3.9458,14.67,12.83,6.3602,3.9223,3
12.761,18.656,15.394,10.108,13.138,3
9.1547,19.902,20,9.0593,9.9337,3
-3.405,16.026,12.287,-5.2599,-7.0639,3
15.084,21.386,19.257,12.92,12.438,3
14.619,26.27,25.963,12.982,15.603,3
18.455,30.665,28.787,18.185,16.781,3
14.999,24.663,20.562,10.519,9.9932,3
6.6739,19.963,20.71,5.8508,4.4443,3
8.9062,20.93,18.469,6.5701,5.5411,3
13.243,27.895,25.63,11.185,13.445,3
15.613,20.915,21.325,16.543,15.565,3
0.1471,17.619,11.814,2.4923,-1.3682,3
8.2756,22.248,23.963,3.8815,4.2288,3
1.4369,16.168,11.884,-0.75708,0.69919,3
11.273,19.658,20.3,10.615,10.028,3
14.969,25.632,24.211,14.136,11.871,3
6.6036,17.549,12.228,6.8745,3.4415,3
10.638,19.777,16.89,9.8629,9.6369,3
16.052,29.439,32.956,13.264,12.052,3
13.03,23.307,23.721,12.614,8.5748,3
10.394,19.693,20.377,6.8679,6.461,3
8.2897,15.385,16.129,6.3604,5.6794,3
14.724,22.783,19.489,15.901,13.224,3
9.7944,13.827,11.211,7.8882,4.7506,3
6.022,19.695,21.66,7.0672,3.817,3
9.6941,17.014,4.954,10.155,5.7321,3
4.7334,15.39,13.021,4.2001,3.3316,3
12.042,26.88,30.465,12.518,10.136,3
13.884,27.038,25.581,13.231,11.985,3
14.422,26.003,25.791,14.758,13.532,3
5.1211,14.397,14.827,5.3698,2.9793,3
7.2317,20.115,20.687,3.5599,3.564,3
11.474,23.915,18.037,11.532,10.125,3
8.7105,20.77,17.67,5.1807,8.5716,3
9.3922,18.78,16.797,9.543,6.4548,3
13.382,28.735,27.083,14.351,8.9171,3
10.227,20.564,18.409,8.9377,7.3457,3
3.9982,18.017,17.24,0.73711,5.3403,3
10.809,26.226,27.308,6.7075,8.1661,3
-3.3259,18.977,22.509,-2.8744,-6.9647,3
1.8311,14.384,11.915,-2.6727,-1.3227,3
13.207,18.965,18.237,12.7,9.9133,3
14.786,24.277,24.934,12.701,11.208,3
14.039,25.352,24.19,12.691,12.339,3
5.9472,13.649,10.359,4.1281,4.8376,3
13.429,23.845,21.827,11.925,9.4664,3
7.4946,19.128,14.967,9.7801,3.7606,3
5.1187,17.857,14.04,5.8933,4.9396,3
2.3504,20.832,16.48,3.4141,1.351,3
10.983,21.363,18.783,11.589,8.5204,3
1.0775,16.591,16.867,-0.30272,-2.3235,3
5.7573,18.772,10.316,3.0135,3.3188,3
15.837,27.611,20.521,15.862,14.031,3
14.879,28.572,30.215,9.0551,13.536,3
13.252,24.436,21.854,15.515,9.2639,3
7.8842,18.779,22.155,7.454,7.7621,3
11.73,25.789,20.248,12.396,8.6585,3
8.5323,17.932,15.742,8.6665,8.4578,3
12.467,19.987,20.901,10.625,11.031,3
9.1657,24.399,31.095,4.686,6.9734,3
12.257,26.218,30.951,12.678,9.5378,3
18.256,28.558,20.185,14.034,15.211,3
7.0665,18.063,21.448,4.6203,2.1739,3
13.141,20.393,16.123,12.493,9.2608,3
13.216,22.248,22.388,11.963,12.216,3
4.9308,13.978,10.933,3.8052,4.4223,3
13.355,23.773,18.44,16.055,11.081,3
11.297,24.834,20.995,9.5008,8.2994,3
11.799,21.796,16.381,12.861,10.285,3
12.697,32.047,28.973,12.49,11.767,3
15.325,27.111,26.451,16.367,11.195,3
6.4809,19.137,10.953,5.7034,5.4767,3
10.978,26.772,21.334,7.602,8.9609,3
14.56,25.23,27.056,12.773,12.409,3
15.63,26.529,27.977,15.354,13.515,3
14.88,23.23,18.901,13.526,12.283,3
17.321,23.005,19.88,15.542,14.827,3
10.441,20.612,17.825,3.5056,9.4038,3
5.8186,15.838,13.141,6.3242,4.0674,3
1.5649,17.771,17.652,-0.2097,1.0621,3
6.4144,18.087,15.141,6.465,4.3934,3
12.812,27.547,19.502,12.793,8.6595,3
18.243,26.049,24.558,18.075,16.899,3
6.0153,17.089,18.787,7.3867,3.0583,3
14.318,25.929,31.012,15.5,10.443,3
7.3957,14.751,10.518,8.009,4.6759,3
6.0811,16.142,13.846,0.92744,5.4301,3
0.7513,19.939,16.989,-1.6298,-3.3154,3
4.2023,14.068,11.938,4.9313,2.8515,3
10.96,27.632,29.64,10.669,8.1885,3
6.1937,16.784,11.302,3.7521,3.4972,3
3.9939,19.828,11.634,4.0811,0.67692,3
4.8111,17.645,14.766,4.1862,2.0475,3
5.679,17.864,14.617,3.546,4.9918,3
3.0439,14.632,12.25,2.7116,0.29339,3
5.929,17.678,14.053,4.0596,3.5588,3
11.336,25.993,24.959,11.043,7.3863,3
7.6576,15.998,17.046,8.4121,4.0123,3
5.7709,19.386,15.951,4.5637,3.271,3
7.9708,18.412,16.911,5.3857,6.4735,3
8.7711,19.9,17.577,11.898,6.6283,3
11.541,25.887,27.882,9.2267,8.375,3
14.396,20.568,15.956,14.545,11.892,3
10.101,14.438,11.896,9.455,9.1072,3
4.5251,19.554,19.207,6.467,2.0302,3
7.3073,16.111,18.308,5.4072,7.1954,3
4.9971,17.44,13.852,4.1113,1.5293,3
3.8927,17.602,15.306,5.636,-0.33319,3
1.77,17.146,13.386,0.11058,-0.031333,3
11.913,19.592,16.832,9.0379,9.1492,3
4.16,16.023,9.3599,3.3356,1.8344,3
8.4946,18.365,17.353,8.0417,6.4328,3
11.549,25.912,24.94,11.794,11.58,3
2.1739,21.374,19.1,4.4077,-1.5121,3
3.6411,14.732,8.1542,1.9652,1.8051,3
1.2743,18.333,17.228,-2.1728,0.51866,3
11.143,20.767,18.473,10.015,7.872,3
5.3865,15.14,12.312,6.0513,3.1304,3
8.8606,22.279,20.465,5.1815,8.3343,3
7.8125,18.884,17.107,6.0147,4.2266,3
14.339,29.311,29.308,9.6557,12.666,3
1.9599,15.941,16.321,3.4998,-0.87222,3
11.813,28.916,28.135,11.557,10.029,3
2.4549,15.476,13.551,4.44,1.2628,3
13.321,23.868,20.465,14.571,13.954,3
9.3737,21.154,23.225,8.2979,5.0019,3
14.673,23.005,16.162,9.9516,12.807,3
5.2446,15.585,14.257,4.3901,2.7226,3
9.6227,18.57,17.047,7.9588,7.0301,3
3.159,16.154,10.367,2.9683,0.41555,3
13.848,26.451,25.37,16.079,9.8382,3
10.516,24.305,20.53,16.752,8.332,3
2.3675,17.727,17.537,5.9482,0.90257,3
17.253,29.178,31.913,19.048,14.816,3
7.3233,16.718,14.236,4.835,8.7321,3
12.641,25.293,24.251,9.1378,8.1607,3
11.2,18.787,13.928,8.2957,9.1216,3
12.512,25.828,28.132,12.573,12.347,3
10.558,25.781,20.952,8.2664,6.5903,3
3.9418,18.974,18.443,5.8054,-0.45073,3
15.546,21.165,17.108,13.247,13.54,3
10.264,27.018,23.142,10.616,7.1747,3
3.9706,17.161,14.393,1.7947,0.68235,3
3.6688,17.804,15.648,3.5258,-0.36576,3
12.678,30.596,30.971,12.579,11.19,3
11.271,18.096,13.928,9.3842,7.0658,3
9.6336,20.345,17.534,6.2728,7.1825,3
12.791,28.865,22.638,10.113,8.5628,3
10.485,17.602,16.846,11.846,8.1128,3
11.94,19.48,14.38,11.615,8.4299,3
7.4911,17.063,8.4336,4.8055,7.0184,3
8.5053,16.015,15.192,9.4422,6.122,3
13.604,14.826,14.178,10.674,12.68,3
12.083,17.116,15.331,9.7914,8.6767,3
9.7086,19.301,17.561,9.7221,8.5695,3
13.882,26.531,26.53,9.6192,14.126,3
11.596,24.355,20.712,8.4372,6.625,3
6.5107,17.7,15.945,5.2522,3.8417,3
12.076,24.641,21.73,12.036,9.9468,3
10.704,19.825,18.877,7.5353,6.9919,3
7.3848,14.248,4.1905,2.8393,8.1136,3
11.981,27.165,22.75,11.444,9.5595,3
17.379,28.984,25.048,16.03,17.765,3
11.006,20.397,16.716,8.6296,7.415,3
15.364,27.721,27.692,15.155,12.833,3
12.742,24.77,21.055,12.074,9.7949,3
2.6812,17.403,18.908,3.5082,-2.8705,3
14.066,28.511,20.544,12.545,10.75,3
10.836,20.132,15.664,5.8266,8.0578,3
15.14,20.949,25.234,17.504,13.068,3
7.6319,20.532,17.286,3.4066,3.2632,3
13.874,24.919,23.852,12.838,11.813,3
14.37,24.067,20.648,12.813,13.1,3
11.225,27.126,24.938,11.17,9.4915,3
14.372,28.249,24.128,12.431,12.187,3
8.7195,18.93,16.906,6.6701,7.0697,3
13.585,26.541,27.076,13.135,12.218,3
6.5713,15.299,13.265,9.2431,3.7746,3
11.85,23.207,18.167,7.8128,9.9172,3
7.0661,18.762,17.039,4.2563,6.5038,3
9.4939,15.346,14.908,8.3578,5.3873,3
11.584,29.897,27.203,13.19,10.736,3
11.766,30.863,31.517,12.673,10.118,3
-0.6443,21.502,20.754,-3.8634,-0.13692,3
7.7546,16.064,15.471,7.8996,6.2674,3
13.24,24.181,23.699,13.445,11.577,3
10.041,23.321,13.751,7.8417,7.0027,3
0.7873,19.201,10.77,-3.3334,1.1264,3
16.209,30.003,31.199,18.523,13.136,3
10.488,20.468,18.426,10.636,7.434,3
5.4848,18.497,18.623,4.5704,2.8658,3
10.331,18.786,10.734,8.1411,8.1918,3
15.152,28.054,19.841,12.811,11.412,3
4.5389,17.256,14.903,4.1735,2.542,3
1.8066,17.736,18.367,-1.5274,-0.92057,3
3.3861,19.939,18.587,3.8589,3.6635,3
11.169,25.266,19.656,9.2121,8.4437,3
12.086,29.836,25.985,13.408,9.4133,3
10.973,23.489,25.534,10.576,10.369,3
10.562,25.571,22.789,6.2201,7.8395,3
6.1552,18.692,14.932,8.4425,5.104,3
11.086,22.89,18.22,7.845,8.9171,3
2.8851,17.594,18.478,-0.077889,-1.1743,3
16.846,23.907,23.899,15.376,13.954,3
12.037,27.264,29.971,8.9365,9.7978,3
5.8444,15.936,12.913,5.4536,4.2544,3
10.534,20.936,17.798,6.6939,10.967,3
6.3347,19.113,13.695,6.9596,4.5301,3
11.418,21.522,27.476,11.609,10.601,3
15.526,22.714,21.582,13.118,12.16,3
12.172,25.411,18.249,12.947,8.5542,3
8.1397,17.532,15.393,10.173,5.1708,3
6.8423,15.75,14.34,4.1118,4.7877,3
9.7674,20.861,19.276,8.8199,8.004,3
12.961,27.183,25.849,9.0049,9.1391,3
13.025,22.78,20.281,13.927,10.093,3
12.902,20.863,18.463,15.588,13.786,3
13.387,22.44,23.52,16.227,11.943,3
14.421,25.587,21.72,14.554,13.497,3
6.5126,13.56,10.775,4.5565,2.4346,3
12.551,27.279,23.949,6.1228,10.248,3
4.0557,18.907,20.077,2.5471,-0.32817,3
12.6,22.63,16.872,13.102,10.287,3
17.07,22.59,21.92,15.341,15.134,3
7.892,17.269,14.217,5.2616,7.7,3
11.444,29.479,22.901,12.942,8.8208,3
5.1423,16.53,12.313,2.3791,4.1416,3
10.594,23.863,27.154,6.943,7.1563,3
4.2076,14.855,12.793,2.0543,-0.080597,3
14.749,31.447,28.722,16.238,14.433,3
13.397,21.609,19.574,14.3,11.969,3
10.318,22.589,23.666,7.4478,9.4715,3
8.6715,18.231,14.738,4.6176,6.8975,3
12.719,21.585,20.477,8.7456,8.4396,3
-1.6689,14.332,12.819,1.2624,-2.9497,3
1.8979,15.307,10.338,1.1533,-0.28036,3
3.8845,18.448,17.873,0.53586,2.0215,3
10.797,18.278,17.908,11.53,8.7506,3
6.8375,18.938,19.072,6.8786,3.0148,3
8.0018,21.395,18.646,4.6234,6.9299,3
6.5056,17.448,16.235,5.6035,3.3826,3
